   7.5063188549035573e+01
   7.5056988702104789e+01
   7.5045339224996766e+01
   7.5053947005010158e+01
   7.5046240734970027e+01
   7.5051231768455594e+01
   7.5048593123593662e+01
   7.5035169103773327e+01
   7.5023753651264698e+01
   7.5036049428247210e+01
   7.5028524737591241e+01
   7.5007374199624337e+01
   7.5019485695582858e+01
   7.4984867177100867e+01
   7.4974321293787312e+01
   7.4952576460318724e+01
   7.4933183121769162e+01
   7.4932477189855277e+01
   7.4898201795371136e+01
   7.4860658702814277e+01
   7.4840013298021219e+01
   7.4816827525033645e+01
   7.4761792682635630e+01
   7.4743785118369956e+01
   7.4685874588462141e+01
   7.4636242835578457e+01
   7.4580529212704818e+01
   7.4515574064630272e+01
   7.4447837804536988e+01
   7.4386829954429345e+01
   7.4281804000077130e+01
   7.4202064314300955e+01
   7.4122853543460977e+01
   7.4004217368081740e+01
   7.3881984813883477e+01
   7.3735764336979884e+01
   7.3583832701034169e+01
   7.3428771019154084e+01
   7.3232278760006395e+01
   7.3023652922243272e+01
   7.2799590992246323e+01
   7.2529678360025059e+01
   7.2237605472913145e+01
   7.1914054546490078e+01
   7.1527554756368716e+01
   7.1069398497004613e+01
   7.0522563162432093e+01
   6.9828435097292413e+01
   6.8741671046492357e+01
   6.6042059858203828e+01
   6.0122819481230373e+01
   5.1986462424215134e+01
   4.7516435791003353e+01
   4.5759379053671950e+01
   4.4966333743227494e+01
   4.4611449556810982e+01
   4.4477296206848735e+01
   4.4316198796263386e+01
   4.4278765927426505e+01
   4.4233958622711469e+01
   4.4172618796904153e+01
   4.4164697493608614e+01
   4.4171363806091875e+01
   4.4150577613140079e+01
   4.4149931076609782e+01
   4.4116403325178261e+01
   4.4134040115129736e+01
   4.4133332578708625e+01
   4.4127563498624646e+01
   4.4102550191398095e+01
   4.4136931436856315e+01
   4.4109705207685487e+01
   4.4110169386005957e+01
   4.4104445577581359e+01
   4.4143971248342829e+01
   4.4106544223899697e+01
   4.4138119946656467e+01
   4.4148648839446444e+01
   4.4114246689823773e+01
   4.4138286855057196e+01
   4.4131025164550948e+01
   4.4120877771731784e+01
   4.4153449189283023e+01
   4.4112326787459736e+01
   4.4110727072800330e+01
   4.4145668906972048e+01
   4.4172374492307313e+01
   4.4138841805055186e+01
   4.4107019565984615e+01
   4.4144311340046272e+01
   4.4126412142346631e+01
   4.4107027162156271e+01
   4.4130936140776498e+01
   4.4155969336989351e+01
   4.4096976576199111e+01
   4.4122171053488792e+01
   4.4163229781220799e+01
   4.4141287027592782e+01
   4.4103970318919387e+01
   4.4109128714304497e+01
   4.4085910125469354e+01
