   6.0007438282217329e+01
   6.0018170599639973e+01
   6.0002384916856634e+01
   6.0008524115422468e+01
   6.0007303779734457e+01
   6.0000932233088974e+01
   6.0008106971951186e+01
   5.9992371313700211e+01
   6.0007126641721548e+01
   5.9999563981319561e+01
   5.9985923862802302e+01
   5.9977507054618854e+01
   5.9978626756587190e+01
   5.9956352637195401e+01
   5.9940096184336582e+01
   5.9927206365949694e+01
   5.9919262891643989e+01
   5.9916830162893653e+01
   5.9885109769995580e+01
   5.9861158061028107e+01
   5.9838303987989796e+01
   5.9798755630498022e+01
   5.9766094810788623e+01
   5.9716004029749833e+01
   5.9669421658870874e+01
   5.9627217086333758e+01
   5.9557481356271715e+01
   5.9474615742479664e+01
   5.9399339083939168e+01
   5.9302195251836721e+01
   5.9190128011529580e+01
   5.9017624971405660e+01
   5.8913215120184937e+01
   5.8728011486786755e+01
   5.8526674439658962e+01
   5.8302584995004850e+01
   5.8024885997440819e+01
   5.7667146140846235e+01
   5.6975019791863105e+01
   5.4147759361144360e+01
   4.0511821544652868e+01
   2.4486190863421506e+01
   1.7886597695662459e+01
   1.5803701143887237e+01
   1.5074381814723560e+01
   1.4796583800559729e+01
   1.4665962328337296e+01
   1.4574516758318421e+01
   1.4527386501279095e+01
   1.4488909899184693e+01
   1.4497151577890726e+01
   1.4461838655785996e+01
   1.4484142173541322e+01
   1.4436980958548320e+01
   1.4407791332482976e+01
   1.4436171115315100e+01
   1.4411719518049230e+01
   1.4378323803171774e+01
   1.4379611109376654e+01
   1.4358131935925936e+01
   1.4362558002700807e+01
   1.4367084672166675e+01
   1.4379578166171168e+01
   1.4369913565687069e+01
   1.4400436298195395e+01
   1.4420413608790305e+01
   1.4348941974652494e+01
   1.4392950736532905e+01
   1.4396615002005783e+01
   1.4405851265890925e+01
   1.4416553845620248e+01
   1.4369771853974783e+01
   1.4362514971905549e+01
   1.4372935856775660e+01
   1.4369747669907781e+01
   1.4339428309983266e+01
   1.4364477413192818e+01
   1.4397866448287497e+01
   1.4403707163463601e+01
   1.4418362209733235e+01
   1.4355603946295542e+01
   1.4380450549954988e+01
   1.4350847564919782e+01
   1.4371571412454287e+01
   1.4351699445966387e+01
   1.4377952427092151e+01
   1.4411941276212344e+01
   1.4408990311533149e+01
   1.4364256932725574e+01
   1.4388780274012770e+01
   1.4378187033268865e+01
   1.4396742087623984e+01
   1.4370614575357150e+01
   1.4389836524858707e+01
   1.4383680887073913e+01
   1.4390864201589686e+01
   1.4368090017017650e+01
   1.4367565135585167e+01
   1.4383361427822658e+01
   1.4401848259362250e+01
   1.4418647786628226e+01
