   0.0000000000000000e+00
   8.0111666666666670e-01
   1.5970916666666666e+00
   2.4029750000000001e+00
   3.2058000000000000e+00
   4.0071083333333331e+00
   4.8125000000000000e+00
   5.6089428571428570e+00
   6.3944166666666664e+00
   7.1940583333333334e+00
   7.9980750000000000e+00
   8.7948166666666658e+00
   9.5918749999999999e+00
   1.0411600000000000e+01
   1.1195950000000000e+01
   1.2008008333333333e+01
   1.2799316666666666e+01
   1.3598642857142858e+01
   1.4381307142857143e+01
   1.5217085714285714e+01
   1.6012033333333335e+01
   1.6795735714285716e+01
   1.7585885714285713e+01
   1.8398442857142857e+01
   1.9196978571428570e+01
   2.0012383333333332e+01
   2.0773985714285715e+01
   2.1594237499999998e+01
   2.2411078571428572e+01
   2.3184314285714287e+01
   2.3978487500000000e+01
   2.4808314285714285e+01
   2.5607092857142856e+01
   2.6401942857142856e+01
   2.7183962500000000e+01
   2.7988287499999998e+01
   2.8802556249999999e+01
   2.9604028571428572e+01
   3.0279255555555554e+01
   3.0139333333333333e+01
   2.5020666666666667e+01
   1.8022817647058822e+01
   1.4900765000000000e+01
   1.3856345454545455e+01
   1.3459688888888889e+01
   1.3293138888888889e+01
   1.3200211111111111e+01
   1.3147943750000000e+01
   1.3115200000000000e+01
   1.3088120000000000e+01
   1.3098566666666667e+01
   1.3072111111111111e+01
   1.3095187500000000e+01
   1.3060549999999999e+01
   1.3034994444444445e+01
   1.3061266666666667e+01
   1.3037793750000001e+01
   1.3015538888888889e+01
   1.3013933333333334e+01
   1.2997644444444445e+01
   1.3003294444444444e+01
   1.3004265000000000e+01
   1.3016238888888889e+01
   1.3011744444444444e+01
   1.3034255555555555e+01
   1.3050555555555556e+01
   1.2993916666666667e+01
   1.3028115000000000e+01
   1.3035362500000000e+01
   1.3040161111111111e+01
   1.3052943750000001e+01
   1.3008305555555555e+01
   1.3004333333333333e+01
   1.3015555555555556e+01
   1.3008706249999999e+01
   1.2980055555555555e+01
   1.3008133333333333e+01
   1.3034630000000000e+01
   1.3039166666666667e+01
   1.3051418750000000e+01
   1.3003605555555556e+01
   1.3020172222222222e+01
   1.2997595000000000e+01
   1.3015233333333333e+01
   1.2996831250000000e+01
   1.3016477777777778e+01
   1.3049066666666667e+01
   1.3045081250000001e+01
   1.3005466666666667e+01
   1.3023083333333334e+01
   1.3021083333333333e+01
   1.3036461111111111e+01
   1.3013755555555555e+01
   1.3028394444444444e+01
   1.3018666666666666e+01
   1.3030350000000000e+01
   1.3012744444444444e+01
   1.3007961111111111e+01
   1.3021744444444444e+01
   1.3037788888888889e+01
   1.3050825000000000e+01
