   0.0000000000000000e+00
   7.9884166666666667e-01
   1.5981166666666666e+00
   2.4045333333333332e+00
   3.2043083333333335e+00
   4.0011916666666663e+00
   4.8072833333333334e+00
   5.6074666666666664e+00
   6.4042750000000002e+00
   7.2064250000000003e+00
   8.0088416666666671e+00
   8.7978714285714279e+00
   9.6107666666666667e+00
   1.0403171428571429e+01
   1.1205066666666667e+01
   1.1990164285714286e+01
   1.2782341666666667e+01
   1.3586250000000000e+01
   1.4413407142857142e+01
   1.5193292857142858e+01
   1.5991164285714285e+01
   1.6801683333333333e+01
   1.7600291666666667e+01
   1.8388221428571427e+01
   1.9193058333333333e+01
   1.9998835714285715e+01
   2.0793264285714287e+01
   2.1591583333333332e+01
   2.2387978571428572e+01
   2.3207942857142857e+01
   2.4010349999999999e+01
   2.4804514285714287e+01
   2.5583549999999999e+01
   2.6403578571428572e+01
   2.7212721428571427e+01
   2.8016385714285715e+01
   2.8789192857142858e+01
   2.9602818750000001e+01
   3.0431712500000000e+01
   3.1190892857142856e+01
   3.2000337500000001e+01
   3.2808857142857143e+01
   3.3587542857142857e+01
   3.4409314285714288e+01
   3.5194162499999997e+01
   3.5989906249999997e+01
   3.6777687499999999e+01
   3.7574781250000001e+01
   3.8336455555555553e+01
   3.8872294444444442e+01
   3.8495733333333334e+01
   3.6991199999999999e+01
   3.5848280000000003e+01
   3.5287794444444444e+01
   3.4978738888888891e+01
   3.4834612499999999e+01
   3.4781566666666670e+01
   3.4699905555555553e+01
   3.4681575000000002e+01
   3.4668362500000001e+01
   3.4629087499999997e+01
   3.4627838888888888e+01
   3.4644075000000001e+01
   3.4625500000000002e+01
   3.4624337500000003e+01
   3.4606655555555555e+01
   3.4615031250000001e+01
   3.4618099999999998e+01
   3.4612143750000001e+01
   3.4595244444444447e+01
   3.4620849999999997e+01
   3.4601983333333337e+01
   3.4598012500000003e+01
   3.4597006250000000e+01
   3.4624250000000004e+01
   3.4600243749999997e+01
   3.4620131250000000e+01
   3.4632338888888889e+01
   3.4606724999999997e+01
   3.4619950000000003e+01
   3.4616606249999997e+01
   3.4606361111111113e+01
   3.4631900000000002e+01
   3.4605622222222223e+01
   3.4598655555555553e+01
   3.4620977777777775e+01
   3.4640925000000003e+01
   3.4620705555555553e+01
   3.4601612500000002e+01
   3.4622843750000001e+01
   3.4612187499999997e+01
   3.4596877777777777e+01
   3.4613433333333333e+01
   3.4631662499999997e+01
   3.4598977777777776e+01
   3.4606416666666668e+01
   3.4638194444444444e+01
   3.4621337500000003e+01
   3.4596031250000003e+01
   3.4598912499999997e+01
   3.4583677777777780e+01
