   9.3141670000000005e+01
   9.2852350000000001e+01
   9.2551253333333335e+01
   9.2242414285714290e+01
   9.1924180000000007e+01
   9.1570009999999996e+01
   9.1208286666666666e+01
   9.0851863333333327e+01
   9.0479193333333328e+01
   9.0068637142857142e+01
   8.9657929999999993e+01
   8.9229914285714287e+01
   8.8784368571428573e+01
   8.8319350000000000e+01
   8.7824706666666671e+01
   8.7324008571428578e+01
   8.6770291428571426e+01
   8.6233863333333332e+01
   8.5626891428571426e+01
   8.5032745714285710e+01
   8.4383337142857144e+01
   8.3695013333333335e+01
   8.3010302857142861e+01
   8.2226513333333330e+01
   8.1438671428571425e+01
   8.0599973333333338e+01
   7.9707782857142860e+01
   7.8740576666666669e+01
   7.7682720000000003e+01
   7.6553394285714290e+01
   7.5333368571428565e+01
   7.4000194285714286e+01
   7.2403602857142857e+01
   7.0680957142857139e+01
   6.8187808571428576e+01
   6.4184772499999994e+01
   5.4773997500000000e+01
   4.2417766000000000e+01
   3.5415399999999998e+01
   3.2798134285714283e+01
   3.1826194285714287e+01
   3.1408760000000001e+01
   3.1199471428571428e+01
   3.1073565714285714e+01
   3.0973811428571430e+01
   3.0925548571428571e+01
   3.0896248571428572e+01
   3.0828957142857142e+01
   3.0848802857142857e+01
   3.0827551428571429e+01
   3.0853808571428573e+01
   3.0863594285714285e+01
   3.0837859999999999e+01
   3.0824348571428573e+01
   3.0830482499999999e+01
   3.0829988571428572e+01
   3.0840840000000000e+01
   3.0860540000000000e+01
   3.0827845714285715e+01
   3.0839408571428571e+01
   3.0836048571428570e+01
   3.0851739999999999e+01
   3.0827739999999999e+01
   3.0835477142857144e+01
   3.0834274285714287e+01
   3.0845362857142856e+01
   3.0828385714285716e+01
   3.0852025714285713e+01
   3.0827497142857144e+01
   3.0838854285714287e+01
   3.0815691428571430e+01
   3.0848108571428572e+01
   3.0833077142857142e+01
   3.0836177142857142e+01
   3.0828588571428572e+01
   3.0809805714285716e+01
   3.0810231428571427e+01
   3.0846002857142857e+01
   3.0834479999999999e+01
   3.0845008571428572e+01
   3.0857817142857144e+01
   3.0828315000000000e+01
   3.0851708571428571e+01
   3.0838105714285714e+01
   3.0817857142857143e+01
   3.0817091428571427e+01
   3.0844034285714287e+01
   3.0833508571428570e+01
   3.0857342857142857e+01
   3.0862948571428571e+01
   3.0843265714285714e+01
   3.0842802857142857e+01
   3.0828442857142857e+01
   3.0841114285714287e+01
   3.0812154285714286e+01
   3.0839211428571428e+01
   3.0842777142857141e+01
   3.0826997500000001e+01
   3.0840851428571430e+01
   3.0825842857142856e+01
   3.0830091428571428e+01
