   9.9853713333333332e+01
   9.9833039999999997e+01
   9.9807149999999993e+01
   9.9782063333333340e+01
   9.9752293333333327e+01
   9.9717643333333328e+01
   9.9681586666666661e+01
   9.9639043333333333e+01
   9.9592773333333326e+01
   9.9538126666666670e+01
   9.9479503333333327e+01
   9.9417346666666660e+01
   9.9343980000000002e+01
   9.9265123333333335e+01
   9.9174139999999994e+01
   9.9077420000000004e+01
   9.8966070000000002e+01
   9.8851659999999995e+01
   9.8718133333333327e+01
   9.8570303333333328e+01
   9.8417296666666672e+01
   9.8233153333333334e+01
   9.8034733333333335e+01
   9.7825829999999996e+01
   9.7591160000000002e+01
   9.7326573333333329e+01
   9.7044610000000006e+01
   9.6717240000000004e+01
   9.6379348571428565e+01
   9.6002250000000004e+01
   9.5562970000000007e+01
   9.5095653333333331e+01
   9.4541494285714279e+01
   9.3974831428571434e+01
   9.3249265714285713e+01
   9.2454654285714284e+01
   9.1676083333333338e+01
   9.0580351428571433e+01
   8.8915737142857139e+01
   8.2244046666666662e+01
   6.0404401666666665e+01
   3.2373895555555556e+01
   2.1925291111111111e+01
   1.8393928888888890e+01
   1.7291597500000002e+01
   1.6862072500000000e+01
   1.6756354999999999e+01
   1.6580995000000001e+01
   1.6513777500000000e+01
   1.6513950000000001e+01
   1.6440625000000001e+01
   1.6419402500000000e+01
   1.6376811428571429e+01
   1.6388269999999999e+01
   1.6352437142857141e+01
   1.6354862857142859e+01
   1.6338200000000001e+01
   1.6349094285714287e+01
   1.6328859999999999e+01
   1.6255140000000001e+01
   1.6288457142857144e+01
   1.6293234285714284e+01
   1.6321651428571428e+01
   1.6349022857142856e+01
   1.6278354285714286e+01
   1.6274382500000002e+01
   1.6288294285714287e+01
   1.6294975000000001e+01
   1.6300642857142858e+01
   1.6310075000000001e+01
   1.6273642500000001e+01
   1.6287177142857143e+01
   1.6261265714285713e+01
   1.6292722857142856e+01
   1.6268085714285714e+01
   1.6291034285714286e+01
   1.6262287499999999e+01
   1.6276274999999998e+01
   1.6264225714285715e+01
   1.6255791428571428e+01
   1.6284514285714284e+01
   1.6214848571428572e+01
   1.6281212499999999e+01
   1.6288547500000000e+01
   1.6266805000000002e+01
   1.6285488571428573e+01
   1.6254460000000002e+01
   1.6275014285714285e+01
   1.6266674285714284e+01
   1.6286692500000001e+01
   1.6267434999999999e+01
   1.6281382857142859e+01
   1.6271892500000000e+01
   1.6273372500000001e+01
   1.6275797142857144e+01
   1.6283068571428572e+01
   1.6239725714285715e+01
   1.6295300000000001e+01
   1.6295594285714287e+01
   1.6299199999999999e+01
   1.6273631428571427e+01
