   9.9207149999999999e+01
   9.9164958333333331e+01
   9.9118416666666661e+01
   9.9063225000000003e+01
   9.9015600000000006e+01
   9.8959175000000002e+01
   9.8895708333333332e+01
   9.8834999999999994e+01
   9.8771742857142854e+01
   9.8703558333333334e+01
   9.8630466666666663e+01
   9.8563421428571431e+01
   9.8484691666666663e+01
   9.8409008333333333e+01
   9.8324725000000001e+01
   9.8239649999999997e+01
   9.8142857142857139e+01
   9.8044228571428576e+01
   9.7950316666666666e+01
   9.7848216666666673e+01
   9.7721941666666666e+01
   9.7617278571428571e+01
   9.7492564285714280e+01
   9.7364966666666660e+01
   9.7233292857142857e+01
   9.7092456249999998e+01
   9.6962385714285716e+01
   9.6799199999999999e+01
   9.6646708333333336e+01
   9.6469750000000005e+01
   9.6308121428571425e+01
   9.6111371428571431e+01
   9.5929757142857142e+01
   9.5727935714285721e+01
   9.5528785714285718e+01
   9.5317941666666670e+01
   9.5067264285714288e+01
   9.4843392857142859e+01
   9.4591549999999998e+01
   9.4329807142857149e+01
   9.4051814285714286e+01
   9.3764414285714281e+01
   9.3482585714285719e+01
   9.3144414285714291e+01
   9.2824528571428573e+01
   9.2465942857142863e+01
   9.2095050000000001e+01
   9.1692735714285718e+01
   9.1280675000000002e+01
   9.0863768750000006e+01
   9.0391549999999995e+01
   8.9908606250000005e+01
   8.9406499999999994e+01
   8.8833228571428577e+01
   8.8226068749999996e+01
   8.7554156250000005e+01
   8.6896299999999997e+01
   8.6126428571428576e+01
   8.5285856249999995e+01
   8.4394218749999993e+01
   8.3349071428571435e+01
   8.2202418750000007e+01
   8.0872244444444448e+01
   7.9303594444444443e+01
   7.7333815000000001e+01
   7.5131643749999995e+01
   7.2963537500000001e+01
   7.0983656249999996e+01
   6.9419187500000007e+01
   6.8457925000000003e+01
   6.7754237500000002e+01
   6.7233199999999997e+01
   6.6938712499999994e+01
   6.6704618749999995e+01
   6.6598862499999996e+01
   6.6515487500000006e+01
   6.6476507142857145e+01
   6.6418943749999997e+01
   6.6385612499999993e+01
   6.6363371428571426e+01
   6.6382287500000004e+01
   6.6364993749999996e+01
   6.6355633333333330e+01
   6.6364131250000000e+01
   6.6374750000000006e+01
   6.6386475000000004e+01
   6.6328050000000005e+01
   6.6358971428571422e+01
   6.6351693749999995e+01
   6.6394827777777778e+01
   6.6370942857142850e+01
   6.6357106250000001e+01
   6.6357127777777777e+01
   6.6299324999999996e+01
   6.6378816666666665e+01
   6.6359543750000000e+01
   6.6384566666666672e+01
   6.6341774999999998e+01
   6.6370093749999995e+01
   6.6338268749999997e+01
   6.6370131250000000e+01
